1.52429699898 32.0
1.55528593063 26.0
1.58438205719 33.0
1.61298513412 26.0
1.64164113998 31.0
1.66624212265 27.0
1.69255495071 26.0
1.72132015228 26.0
1.74983310699 26.0
1.77840995789 23.0
1.8055460453 25.0
1.83245611191 23.0
1.86122298241 25.0
1.88939213753 27.0
1.91802096367 6.0
1.94701504707 28.0
1.97525811195 27.0
2.00514793396 31.0
2.03369998932 26.0
2.06225395203 30.0
2.09065413475 26.0
2.11925411224 27.0
2.14984798431 28.0
2.17773604393 27.0
2.20619702339 27.0
2.23682999611 29.0
2.26503300667 24.0
2.29322099686 24.0
2.32183599472 26.0
2.35162806511 25.0
2.37967801094 28.0
2.40811896324 24.0
2.43650794029 28.0
2.46518492699 28.0
2.49530506134 29.0
2.52487301826 28.0
2.55304193497 30.0
2.58119702339 27.0
2.60982108116 26.0
2.63816213608 27.0
2.66640901566 29.0
2.69436693192 25.0
2.72275304794 27.0
2.75140094757 25.0
2.78354406357 26.0
2.81395316124 25.0
2.84323096275 26.0
2.87438702583 25.0
2.902987957 24.0
2.93290710449 26.0
2.96165895462 23.0
2.99186301231 23.0
3.02201294899 26.0
3.05141806602 25.0
3.0800909996 22.0
3.11003613472 24.0
3.13833498955 24.0
3.16667795181 25.0
3.19678592682 25.0
3.22634601593 24.0
3.26278805733 24.0
3.29125595093 22.0
3.32004094124 22.0
3.35403800011 23.0
3.3822259903 23.0
3.41191315651 21.0
3.43989396095 23.0
3.46779799461 24.0
3.49600410461 23.0
3.52634215355 23.0
3.55467104912 23.0
3.58453893661 23.0
3.61225700378 24.0
3.64007902145 24.0
3.6679520607 25.0
3.69594693184 24.0
3.72582292557 22.0
3.75340509415 22.0
3.78176307678 25.0
3.80951094627 24.0
3.83764910698 24.0
3.86570715904 23.0
3.8959710598 24.0
3.92552495003 25.0
3.95364499092 27.0
3.98179292679 27.0
4.01021409035 25.0
4.04019403458 25.0
4.07021999359 26.0
4.09758114815 25.0
4.12548613548 27.0
4.1539170742 26.0
4.18772602081 28.0
4.21848297119 27.0
4.2478351593 27.0
4.27758002281 29.0
4.30548715591 26.0
4.33393096924 28.0
4.36186814308 27.0
4.39000296593 24.0
4.41840600967 25.0
4.44824194908 29.0
4.47607111931 26.0
4.50459313393 5.0
4.53496313095 4.0
4.56461310387 4.0
4.59237194061 4.0
4.61980009079 5.0
4.64758515358 4.0
4.67741894722 4.0
4.70528292656 4.0
4.73494100571 4.0
4.76269006729 4.0
4.79182004929 4.0
4.81944012642 4.0
4.84715604782 5.0
4.87696695328 5.0
4.90681695938 5.0
4.93451094627 5.0
4.96375799179 5.0
4.99134707451 5.0
5.01810407639 5.0
5.04294514656 5.0
5.07055997849 5.0
5.095277071 5.0
5.12280702591 5.0
5.14754104614 5.0
5.17366909981 5.0
5.20069599152 5.0
5.23061203957 5.0
5.2602159977 5.0
5.28979992867 5.0
5.31722998619 5.0
5.34456896782 5.0
5.37246012688 5.0
5.40171194077 5.0
5.42953705788 5.0
5.45706510544 4.0
5.48339414597 4.0
5.5132329464 5.0
5.5429019928 5.0
5.5714199543 5.0
5.60099005699 4.0
5.63012909889 4.0
5.65771698952 5.0
5.68547606468 5.0
5.71325016022 4.0
5.74321103096 4.0
5.77111792564 5.0
5.80029201508 5.0
5.82811999321 4.0
5.85571503639 4.0
5.88385605812 5.0
5.91389513016 5.0
5.94168305397 5.0
5.9689950943 4.0
5.99688410759 4.0
6.02481102943 5.0
6.05245304108 5.0
6.08064007759 4.0
6.10852098465 5.0
6.13808012009 5.0
6.16582798958 4.0
6.19362401962 4.0
6.22188806534 5.0
6.25154614449 5.0
6.27986907959 4.0
6.30907511711 4.0
6.33741307259 5.0
6.36504507065 5.0
6.39312911034 4.0
6.42122411728 5.0
6.4490840435 4.0
6.4791469574 4.0
6.50881314278 5.0
6.53681302071 4.0
6.564702034 5.0
6.59243702888 4.0
6.62093114853 4.0
6.65005111694 5.0
6.67794513702 4.0
6.70611000061 5.0
6.7340400219 4.0
6.7641711235 4.0
6.79458093643 5.0
6.82378792763 4.0
6.85160398483 5.0
6.88180804253 4.0
6.90976905823 4.0
6.93778514862 5.0
6.96616315842 4.0
6.99365901947 4.0
7.02156209946 5.0
7.04949903488 5.0
7.07755303383 4.0
7.10750699043 5.0
7.13737893105 5.0
7.16468214989 5.0
7.19252800941 5.0
7.22029900551 5.0
7.24808597565 5.0
7.27770900726 4.0
7.30746197701 4.0
7.33685398102 4.0
7.3644900322 5.0
7.39228010178 5.0
7.42035198212 5.0
7.44848513603 5.0
7.47830510139 4.0
7.50753808022 5.0
7.53530812263 5.0
7.56366896629 5.0
7.59345698357 4.0
7.62333703041 5.0
7.65329909325 4.0
7.68252897263 4.0
7.7101290226 5.0
7.73796701431 4.0
7.76591801643 5.0
7.79378700256 5.0
7.82176613808 4.0
7.84912705421 5.0
7.87726902962 4.0
7.90500402451 4.0
7.93315505981 5.0
7.96289110184 4.0
7.99090909958 4.0
8.0181491375 5.0
8.04592299461 4.0
8.07407712936 5.0
8.10215401649 5.0
8.13219594955 4.0
8.16025209427 5.0
8.18998908997 4.0
8.21775603294 4.0
8.24553203583 5.0
8.27396607399 4.0
8.30193901062 4.0
8.3315320015 5.0
8.3589720726 4.0
8.38660216331 4.0
8.41459012032 4.0
8.44255805016 4.0
8.47025513649 5.0
8.50021314621 4.0
8.52948093414 5.0
8.55739092827 4.0
8.5855679512 5.0
8.61374211311 4.0
8.64206504822 5.0
8.66997313499 4.0
8.69942307472 4.0
8.72746014595 4.0
8.75546693802 4.0
8.7833969593 4.0
8.81312298775 4.0
8.84292411804 4.0
8.8721280098 4.0
8.89955115318 4.0
8.92674612999 4.0
8.95433211327 5.0
8.9837231636 4.0
9.01331806183 5.0
9.04314994812 4.0
9.07085895538 5.0
9.09929704666 4.0
9.12941098213 4.0
9.15731310844 4.0
9.18546104431 4.0
9.21456599236 4.0
9.24208402634 4.0
9.26963114738 5.0
9.29738903046 5.0
9.32739210129 4.0
9.35725998878 5.0
9.38674902916 4.0
9.41436505318 5.0
9.44270706177 5.0
9.47150397301 5.0
9.50090909004 5.0
9.53074002266 5.0
9.55978012085 4.0
9.58760404587 4.0
9.6164059639 5.0
9.64675498009 4.0
9.67500305176 4.0
9.7037320137 4.0
9.73289108276 4.0
9.76051712036 3.0
9.78810596466 4.0
9.81610107422 4.0
9.84439396858 4.0
9.87206506729 5.0
9.89953112602 4.0
9.92761802673 5.0
9.95538711548 5.0
9.98343396187 4.0
10.0115070343 5.0
10.0412800312 5.0
10.068572998 28.0
10.0963380337 6.0
10.1238629818 6.0
10.1518700123 7.0
10.1798040867 26.0
10.2102129459 32.0
10.2397301197 25.0
10.2673649788 29.0
10.2952930927 26.0
10.3232619762 30.0
10.3534209728 27.0
10.383546114 26.0
10.4131810665 24.0
10.440955162 25.0
10.46854496 25.0
10.4969160557 25.0
10.5265879631 25.0
10.5563149452 26.0
10.5854110718 26.0
10.613296032 30.0
10.6407871246 25.0
10.6689119339 28.0
10.6990020275 26.0
10.7265939713 26.0
10.7539360523 28.0
10.7817029953 27.0
10.8094611168 27.0
10.8378040791 26.0
10.8657159805 26.0
10.8936691284 28.0
10.9232540131 30.0
10.951141119 27.0
10.9791071415 31.0
11.0072541237 25.0
11.0369899273 28.0
11.0652770996 29.0
11.0946750641 26.0
11.1227829456 29.0
11.1505141258 28.0
11.178604126 27.0
11.2068650723 30.0
11.2364871502 26.0
11.2656049728 29.0
11.2935929298 28.0
11.3236269951 28.0
11.3515720367 28.0
11.3796839714 29.0
11.4074850082 28.0
11.434992075 29.0
11.4630761147 27.0
11.4905850887 29.0
11.5185451508 26.0
11.5463590622 30.0
11.5745959282 26.0
11.6021540165 37.0
11.6301109791 38.0
11.6579909325 38.0
11.6867539883 37.0
11.7163209915 37.0
11.7465391159 38.0
11.7756960392 36.0
11.80352211 38.0
11.8314080238 38.0
11.8592190742 38.0
11.8869299889 37.0
11.9145920277 36.0
11.9476480484 36.0
11.9760639668 35.0
12.0040550232 35.0
12.0321581364 35.0
12.0616910458 36.0
12.0894529819 36.0
12.1189129353 35.0
12.1465580463 36.0
12.1742880344 35.0
12.2023091316 34.0
12.2323899269 33.0
12.2620749474 24.0
12.2898521423 32.0
12.3177571297 25.0
12.3456530571 32.0
12.3743050098 36.0
12.4042379856 35.0
12.4320509434 35.0
12.4597949982 36.0
12.4874939919 34.0
12.5156180859 35.0
12.5435371399 36.0
12.5737400055 36.0
12.6035089493 37.0
12.6309130192 38.0
12.6591250896 34.0
12.6868600845 35.0
12.714828968 38.0
12.7430319786 38.0
12.7730071545 36.0
12.8022110462 36.0
12.8299360275 36.0
12.857968092 37.0
12.8857350349 36.0
12.9139490128 36.0
12.9441571236 35.0
12.973459959 35.0
13.001928091 35.0
13.0313010216 34.0
13.0592131615 35.0
13.0890190601 28.0
13.1169159412 28.0
13.1444489956 29.0
13.172107935 28.0
13.200412035 28.0
13.2282910347 35.0
13.2564430237 36.0
13.286618948 36.0
13.3158040047 34.0
13.3437020779 36.0
13.3722910881 34.0
13.4022829533 31.0
13.4322550297 25.0
13.4604611397 31.0
13.4901881218 26.0
13.5179331303 32.0
13.545976162 25.0
13.574007988 24.0
13.6040070057 29.0
13.6343410015 28.0
13.6637880802 27.0
13.6919760704 30.0
13.7196991444 28.0
13.7477321625 30.0
13.7760131359 27.0
13.8056869507 27.0
13.8331151009 30.0
13.8609809875 27.0
13.8888480663 25.0
13.9168081284 24.0
13.9450500011 25.0
13.9749159813 27.0
14.0020229816 27.0
14.0302169323 28.0
14.058109045 27.0
14.0863130093 28.0
14.1164829731 27.0
14.1465649605 28.0
14.1760261059 26.0
14.2042789459 28.0
14.2323670387 27.0
14.2626080513 28.0
14.2909920216 26.0
14.3209080696 27.0
14.3503811359 26.0
14.3781731129 27.0
14.4066059589 27.0
14.4340219498 27.0
14.4620981216 27.0
14.4920449257 30.0
14.5213489532 25.0
14.5489411354 32.0
14.5770599842 24.0
14.6048619747 30.0
14.6325731277 26.0
14.6609380245 27.0
14.6918010712 27.0
14.7200620174 27.0
14.7479760647 30.0
14.7776529789 27.0
14.8076410294 27.0
14.8360660076 27.0
14.8653659821 27.0
14.892925024 31.0
14.9206809998 24.0
14.9490690231 29.0
14.9787540436 28.0
15.0066130161 26.0
15.0348489285 30.0
15.0630021095 25.0
15.0910680294 31.0
15.1196911335 26.0
15.1494531631 32.0
15.1777279377 26.0
15.2072300911 31.0
15.2352371216 26.0
15.2630779743 31.0
15.2911829948 29.0
15.3211641312 28.0
15.3490660191 29.0
15.3785419464 28.0
15.40666008 27.0
15.4349761009 30.0
15.4650621414 27.0
15.4950180054 30.0
15.5229821205 27.0
15.5503730774 30.0
15.5785560608 27.0
15.6073229313 31.0
15.6374299526 26.0
15.6675291061 30.0
15.6959049702 27.0
15.7254350185 29.0
15.7533271313 27.0
15.7814350128 29.0
15.8096821308 27.0
15.8398089409 37.0
15.8697910309 35.0
15.8974151611 35.0
15.9253349304 5.0
15.9530460835 5.0
15.9830110073 5.0
16.0125110149 5.0
16.0403490067 5.0
16.0694200993 6.0
16.0970449448 6.0
16.1254370213 5.0
16.1532211304 5.0
16.1832640171 6.0
16.2130570412 5.0
16.2424890995 5.0
16.2706289291 6.0
16.3013401031 6.0
16.3293600082 6.0
16.3589200974 6.0
16.3885860443 5.0
16.4178171158 5.0
16.4462349415 6.0
16.4739601612 5.0
16.5022101402 5.0
16.5321600437 6.0
16.5621731281 6.0
16.5916781425 6.0
16.6193740368 5.0
16.64706707 6.0
16.6752419472 6.0
16.7061331272 6.0
16.7381119728 6.0
16.7675199509 6.0
16.795153141 7.0
16.8228700161 6.0
16.8512239456 7.0
16.879294157 6.0
16.9090499878 7.0
16.9362330437 7.0
16.9641590118 7.0
16.9919641018 7.0
17.0199580193 7.0
17.0495650768 7.0
17.0774590969 8.0
17.1067559719 7.0
17.1348819733 8.0
17.162817955 8.0
17.1907470226 8.0
17.2183339596 9.0
17.2482299805 9.0
17.2775051594 9.0
17.3051731586 9.0
17.3328089714 9.0
17.3607771397 9.0
17.3905940056 10.0
17.4203290939 10.0
17.4496669769 10.0
17.4773759842 10.0
17.5050959587 11.0
17.5348119736 10.0
17.5646560192 10.0
17.5949580669 10.0
17.6248390675 10.0
17.6532509327 10.0
17.6809160709 11.0
17.7088000774 11.0
17.7391121387 11.0
17.7699370384 11.0
17.799685955 11.0
17.8274230957 11.0
17.8551840782 13.0
17.8849411011 13.0
17.9150829315 14.0
17.9454629421 31.0
17.9762489796 26.0
18.0068471432 13.0
18.0376420021 13.0
18.0683240891 14.0
18.0989670753 14.0
18.1306800842 14.0
18.1604180336 14.0
18.190787077 14.0
18.2210640907 13.0
18.2515969276 12.0
18.2831709385 11.0
18.313655138 12.0
18.345154047 12.0
18.3756301403 12.0
18.407186985 25.0
18.4386260509 11.0
18.4690411091 11.0
18.4994530678 11.0
18.5291540623 11.0
18.5596220493 11.0
18.5898611546 10.0
18.6202480793 10.0
18.6516671181 10.0
18.681978941 10.0
18.7128350735 10.0
18.7433030605 10.0
18.7746109962 10.0
18.8049240112 10.0
18.8357491493 9.0
18.8658361435 10.0
18.8964300156 10.0
18.9270679951 10.0
18.9584021568 9.0
18.9889171124 9.0
19.0205290318 8.0
19.0520660877 8.0
19.0830581188 9.0
19.1131310463 8.0
19.1447160244 7.0
19.1766610146 8.0
19.208573103 7.0
19.240473032 7.0
19.2717571259 7.0
19.3021371365 6.0
19.3323440552 6.0
19.3627071381 6.0
19.3929240704 6.0
19.4245791435 5.0
19.4556610584 5.0
19.4861559868 6.0
19.5163891315 4.0
19.5471651554 4.0
19.57914114 4.0
19.6103639603 3.0
19.6412529945 3.0
19.6718640327 5.0
19.7021710873 3.0
19.7328510284 4.0
19.7651779652 3.0
19.7973351479 4.0
19.8288440704 3.0
19.8591639996 3.0
19.8897371292 3.0
19.9202470779 4.0
19.9516890049 4.0
19.9836671352 3.0
20.0145699978 4.0
20.0442810059 3.0
20.074862957 4.0
20.10542202 3.0
20.1370749474 4.0
20.1685349941 4.0
20.1989879608 4.0
20.2289819717 3.0
20.2593801022 3.0
20.291298151 3.0
20.322715044 3.0
20.3531329632 4.0
20.3841619492 3.0
20.414675951 4.0
20.4450950623 4.0
20.4758601189 3.0
20.5074491501 4.0
20.5390360355 3.0
20.5687949657 3.0
20.5995769501 4.0
20.6298129559 3.0
20.6603951454 3.0
20.6909191608 4.0
20.7212340832 3.0
20.7522671223 3.0
20.7827501297 4.0
20.8131270409 3.0
20.8437480927 3.0
20.8741550446 3.0
20.9046239853 3.0
20.9354701042 4.0
20.9657549858 3.0
20.9974460602 4.0
21.0279920101 3.0
21.0594329834 4.0
21.0911390781 3.0
21.1210930347 4.0
21.1516480446 3.0
21.182393074 3.0
21.2132661343 4.0
21.2447969913 4.0
21.2765130997 4.0
21.3075151443 4.0
21.33770895 4.0
21.3680920601 4.0
21.398348093 3.0
21.4296929836 3.0
21.4613220692 4.0
21.4922840595 3.0
21.5227761269 4.0
21.5530369282 3.0
21.5834441185 4.0
21.6140100956 3.0
21.6446270943 4.0
21.6760430336 3.0
21.7064130306 4.0
21.736839056 3.0
21.7676370144 4.0
21.7978200912 3.0
21.8286190033 3.0
21.8596451283 3.0
21.8898711205 3.0
21.9202270508 4.0
21.9507579803 3.0
21.9821281433 4.0
22.0128929615 3.0
22.044162035 4.0
22.0746369362 3.0
22.1050360203 4.0
22.1357560158 3.0
22.1669390202 4.0
22.1996181011 3.0
22.230561018 4.0
22.2611341476 3.0
22.2919881344 3.0
22.3223249912 4.0
22.3525900841 3.0
22.3846349716 3.0
22.4157309532 4.0
22.4460971355 4.0
22.476432085 4.0
22.5066771507 4.0
22.5369131565 4.0
22.5685839653 4.0
22.5995290279 4.0
22.6297969818 4.0
22.6600911617 4.0
22.6914081573 4.0
22.7228131294 4.0
22.7530169487 3.0
22.7838189602 3.0
22.8145079613 3.0
22.8446481228 4.0
22.8749980927 4.0
22.9066910744 4.0
22.9378321171 4.0
22.968599081 4.0
22.9988851547 4.0
23.029086113 4.0
23.0594630241 4.0
23.0907101631 4.0
23.1218349934 4.0
23.1526470184 4.0
23.182254076 4.0
23.2116069794 4.0
23.2403640747 3.0
23.2703130245 4.0
23.3013341427 4.0
23.3316049576 4.0
23.3618149757 4.0
23.3916120529 4.0
23.418913126 4.0
23.4460930824 4.0
23.4754500389 4.0
23.502229929 4.0
23.5296890736 4.0
23.5591881275 4.0
23.5886571407 4.0
23.6182589531 4.0
23.6477661133 4.0
23.6767129898 4.0
23.704144001 4.0
23.7314670086 4.0
23.7588729858 4.0
23.7882430553 4.0
23.8177001476 4.0
23.8468959332 3.0
23.8742070198 4.0
23.9023239613 4.0
23.9327139854 4.0
23.9643111229 3.0
23.9949600697 3.0
24.0259001255 4.0
24.056251049 4.0
24.086894989 4.0
24.1173009872 3.0
24.1487710476 3.0
24.180423975 4.0
24.2113440037 4.0
24.2419281006 3.0
24.2722530365 4.0
24.302932024 4.0
24.3348939419 3.0
24.3668899536 4.0
24.3969540596 4.0
24.4275720119 4.0
24.4577510357 3.0
24.4881601334 3.0
24.5197570324 4.0
24.5512261391 3.0
24.5823180676 3.0
24.6129090786 4.0
24.6430950165 4.0
24.67344594 4.0
24.703920126 3.0
24.7353971004 4.0
24.7665951252 4.0
24.7969210148 4.0
24.8277390003 3.0
24.8587291241 3.0
24.8895471096 4.0
24.9209280014 4.0
24.9520969391 4.0
24.982352972 3.0
25.0126569271 3.0
25.0433290005 4.0
25.074960947 4.0
25.1055729389 4.0
25.1365799904 3.0
25.1669640541 4.0
25.1974711418 4.0
25.2282531261 4.0
25.2597360611 3.0
25.2912740707 3.0
25.3222839832 4.0
25.3524990082 4.0
25.3831710815 4.0
25.4133770466 4.0
25.4436609745 4.0
25.4740729332 4.0
25.5049450397 4.0
25.5352971554 4.0
25.5655601025 3.0
25.5959990025 3.0
25.6275820732 3.0
25.6580500603 4.0
25.6889619827 4.0
25.7194190025 4.0
25.7500441074 4.0
25.7803959846 4.0
25.811934948 4.0
25.8433029652 4.0
25.8741071224 4.0
25.904430151 4.0
25.9346790314 4.0
25.9646470547 4.0
25.9949879646 4.0
26.0263669491 4.0
26.0571169853 3.0
26.0873651505 3.0
26.1176049709 3.0
26.1477799416 4.0
26.1792490482 4.0
26.2109360695 4.0
26.2459051609 4.0
26.278044939 4.0
26.3082840443 3.0
26.3387031555 4.0
26.3703401089 4.0
26.4006640911 4.0
26.4306800365 3.0
26.4609460831 3.0
26.4920511246 4.0
26.5237851143 4.0
26.5543551445 4.0
26.5857889652 3.0
26.6166520119 3.0
26.647069931 4.0
26.6772150993 4.0
26.7075691223 3.0
26.7378940582 3.0
26.7696399689 4.0
26.8004591465 3.0
26.8312339783 3.0
26.8620319366 4.0
26.8933751583 4.0
26.924834013 3.0
26.9563100338 4.0
26.9875450134 4.0
27.0179989338 3.0
27.0483391285 4.0
27.0792679787 3.0
27.1109349728 3.0
27.141600132 4.0
27.1718080044 4.0
27.2021751404 3.0
27.2324919701 4.0
27.2633891106 4.0
27.2951171398 3.0
27.3252501488 4.0
27.355410099 4.0
27.3862380981 3.0
27.41751194 4.0
27.4482419491 4.0
27.4791281223 3.0
27.5105309486 4.0
27.5406460762 4.0
27.5712890625 3.0
27.601485014 4.0
27.6321930885 4.0
27.6639680862 3.0
27.6953661442 4.0
27.7263889313 4.0
27.7570290565 3.0
27.7873620987 4.0
27.8178329468 4.0
27.8489339352 3.0
27.8805780411 3.0
27.9116690159 4.0
27.9418439865 3.0
27.9725310802 3.0
28.0029830933 4.0
28.0333430767 3.0
28.0650000572 3.0
28.0962860584 4.0
28.1269500256 3.0
28.1582641602 3.0
28.1892421246 4.0
28.2206201553 3.0
28.2522830963 4.0
28.2827219963 3.0
28.3132960796 4.0
28.3449881077 3.0
28.3764331341 3.0
28.4072110653 4.0
28.4387609959 3.0
28.4697220325 4.0
28.5001969337 3.0
28.5308971405 3.0
28.5614190102 4.0
28.5930571556 3.0
28.6247990131 4.0
28.6558511257 3.0
28.686175108 3.0
28.7166309357 4.0
28.7470350266 3.0
28.7781200409 4.0
28.809910059 3.0
28.8411951065 4.0
28.871778965 3.0
28.9023180008 3.0
28.9328639507 4.0
28.9643750191 3.0
28.996019125 4.0
29.0273530483 3.0
29.0579969883 4.0
29.088561058 3.0
29.1193671227 3.0
29.1511981487 4.0
29.182641983 3.0
29.2134139538 4.0
29.2443659306 3.0
29.2747061253 3.0
29.3053050041 4.0
29.3368430138 3.0
29.3685569763 4.0
29.3995249271 3.0
29.4299681187 4.0
29.460709095 3.0
29.4914391041 3.0
29.52303195 4.0
29.554557085 3.0
29.585750103 4.0
29.6165940762 3.0
29.6480910778 3.0
29.6787860394 4.0
29.7102520466 3.0
29.741920948 4.0
29.7729611397 3.0
29.8034689426 4.0
29.8340060711 3.0
29.8643789291 3.0
29.8957259655 4.0
29.9277720451 3.0
29.9587481022 4.0
29.9895000458 3.0
30.021780014 3.0
30.0536119938 3.0
30.0851080418 3.0
30.1169221401 4.0
30.1477999687 3.0
30.178068161 4.0
30.2086210251 3.0
30.2390141487 3.0
30.272176981 4.0
30.3071610928 3.0
30.338602066 4.0
30.3695390224 3.0
30.4011030197 3.0
30.4379179478 4.0
30.4698369503 3.0
30.5028910637 3.0
30.5350799561 4.0
30.566847086 3.0
30.6005790234 4.0
30.6325719357 3.0
30.6685810089 3.0
30.7004289627 4.0
30.7317130566 3.0
30.7634141445 4.0
30.7940120697 3.0
30.8250739574 3.0
30.8566920757 4.0
30.8881821632 3.0
30.9193389416 3.0
30.9505839348 4.0
30.9817521572 3.0
31.0124590397 4.0
31.0442509651 3.0
31.0748231411 3.0
31.1059160233 4.0
31.1363420486 3.0
31.1671950817 4.0
31.1991591454 3.0
31.2299220562 4.0
31.2618560791 3.0
31.293571949 3.0
31.3242211342 4.0
31.3543610573 3.0
31.3848741055 4.0
31.4168059826 3.0
31.4475009441 3.0
31.477725029 4.0
31.5082640648 3.0
31.5390591621 4.0
31.5692870617 3.0
31.6001031399 4.0
31.6309621334 3.0
31.6608870029 3.0
31.6913180351 4.0
31.7217271328 3.0
31.7528419495 4.0
31.7847850323 3.0
31.8163380623 3.0
31.8465149403 4.0
31.8770711422 3.0
31.9076459408 4.0
31.9378070831 3.0
31.9686541557 4.0
32.0004060268 3.0
32.0308539867 3.0
32.0613541603 4.0
32.0916121006 3.0
32.1225371361 4.0
32.1532371044 3.0
32.1837589741 4.0
32.2138390541 3.0
32.2445139885 3.0
32.2751851082 4.0
32.3055560589 3.0
32.3373701572 4.0
32.3682701588 3.0
32.4016709328 4.0
32.4321689606 3.0
32.463269949 3.0
32.4950120449 4.0
32.5257530212 3.0
32.5564630032 4.0
32.5869209766 3.0
32.6178159714 3.0
32.6532139778 4.0
32.683795929 3.0
32.7144861221 4.0
32.7451820374 3.0
32.7762241364 4.0
32.8072149754 3.0
32.8375060558 3.0
32.8686621189 4.0
32.8990430832 3.0
32.9295351505 4.0
32.9606029987 3.0
32.9908680916 3.0
33.0215201378 4.0
33.0520570278 3.0
33.0832381248 4.0
33.1139600277 3.0
33.1449999809 3.0
33.1756420135 4.0
33.2058260441 3.0
33.2366499901 4.0
33.272726059 3.0
33.3080079556 3.0
33.3425419331 4.0
33.378606081 3.0
33.409733057 4.0
33.4415800571 3.0
33.4732899666 4.0
33.5038831234 3.0
33.5339729786 3.0
33.5643501282 4.0
33.5950329304 3.0
33.62560606 4.0
33.6574339867 3.0
33.6888229847 3.0
33.7190439701 3.0
33.7496049404 3.0
33.7800090313 4.0
33.8115291595 3.0
33.8493990898 4.0
33.8818089962 3.0
33.9123849869 3.0
33.9431159496 4.0
33.9740059376 3.0
34.0051751137 4.0
34.0368890762 3.0
34.068832159 3.0
34.0999231339 3.0
34.1302051544 3.0
34.1608109474 3.0
34.191395998 4.0
34.223017931 3.0
34.2545499802 4.0
34.2843980789 3.0
34.3152480125 4.0
34.3457181454 3.0
34.376224041 3.0
34.4070029259 3.0
34.4373860359 4.0
34.4690639973 3.0
34.4996609688 3.0
34.5299630165 3.0
34.560393095 3.0
34.5921149254 3.0
34.6235580444 3.0
34.6545660496 3.0
34.6851480007 3.0
34.7155981064 4.0
34.7470760345 3.0
34.7776420116 4.0
34.8091781139 3.0
34.840405941 4.0
34.8707101345 3.0
34.9012589455 3.0
34.931759119 3.0
34.9627261162 3.0
34.9949691296 3.0
35.0258800983 3.0
35.056178093 4.0
35.0866360664 3.0
35.1169581413 4.0
35.1477360725 3.0
35.1781871319 4.0
35.2084050179 3.0
35.2390980721 4.0
35.2694411278 3.0
35.3002209663 3.0
35.3319270611 3.0
35.3633480072 3.0
35.3943030834 3.0
35.4247610569 3.0
35.456154108 4.0
35.4868359566 3.0
35.5172159672 4.0
35.5479199886 3.0
35.5792250633 3.0
35.6093931198 3.0
35.6400711536 3.0
35.6715381145 3.0
35.7019591331 3.0
35.7334089279 4.0
35.7643389702 3.0
35.7950761318 4.0
35.825936079 3.0
35.85739398 4.0
35.8892569542 3.0
35.9212989807 3.0
35.9523510933 3.0
35.9829950333 3.0
36.0132610798 3.0
36.0437130928 3.0
36.0752339363 4.0
36.1070351601 3.0
36.1380729675 4.0
36.1686210632 3.0
36.199267149 4.0
36.2294700146 3.0
36.2601790428 4.0
36.2907021046 3.0
36.3207421303 4.0
36.3512020111 3.0
36.3817100525 3.0
36.4120459557 3.0
36.4433789253 3.0
36.4749500751 3.0
36.5058619976 3.0
36.5363781452 3.0
36.5667581558 3.0
36.5969650745 4.0
36.6277570724 3.0
36.6600129604 4.0
36.6909861565 3.0
36.7216761112 4.0
36.7523219585 3.0
36.7829730511 4.0
36.8178620338 3.0
36.8523380756 4.0
36.8833079338 3.0
36.9140040874 3.0
36.9457690716 3.0
36.977517128 3.0
37.0094330311 3.0
37.0410330296 3.0
37.0720500946 4.0
37.1024091244 3.0
37.1329929829 4.0
37.1642150879 3.0
37.1963329315 4.0
37.2304010391 3.0
37.2616980076 4.0
37.2927119732 3.0
37.3233659267 4.0
37.354211092 3.0
37.3951039314 3.0
37.4300100803 3.0
37.4632980824 3.0
37.4942331314 3.0
37.5250029564 3.0
37.5562620163 4.0
37.5892820358 3.0
37.622148037 4.0
37.6534810066 3.0
37.6890909672 4.0
37.7204091549 3.0
37.7509810925 4.0
37.7816309929 3.0
37.812759161 4.0
37.8464109898 3.0
37.8770010471 4.0
37.9078941345 3.0
37.9390230179 4.0
37.9708240032 3.0
38.0016140938 3.0
38.03312397 3.0
38.063585043 3.0
38.09416008 3.0
38.1247210503 3.0
38.1564331055 4.0
38.1882491112 3.0
38.2196691036 4.0
38.2503781319 3.0
38.2809140682 4.0
38.3117599487 3.0
38.3427579403 4.0
