2.98752307892 73.0
3.26009106636 74.0
3.80214500427 73.0
4.34427595139 74.0
4.83508300781 74.0
4.88605999947 73.0
5.42696595192 73.0
5.96888494492 74.0
6.5109539032 73.0
7.05302500725 73.0
7.59394598007 74.0
8.13582110405 74.0
8.6779088974 73.0
9.21976399422 74.0
9.76069998741 73.0
10.3026380539 74.0
10.8447399139 73.0
11.3855550289 73.0
11.9276480675 73.0
12.4693319798 73.0
13.0104050636 73.0
13.5524868965 73.0
14.094440937 73.0
14.6362380981 73.0
15.1772329807 74.0
15.719096899 75.0
16.2600259781 74.0
16.8022019863 74.0
17.3430929184 74.0
17.8849999905 74.0
18.4269089699 73.0
18.9679179192 74.0
19.5100140572 74.0
20.0519509315 74.0
20.5928909779 74.0
21.1349070072 74.0
21.6766860485 73.0
22.2177860737 74.0
22.7597239017 74.0
23.3015739918 74.0
23.8426449299 73.0
24.3844180107 74.0
24.9254820347 73.0
25.4675381184 73.0
26.0114440918 74.0
26.5503571033 74.0
27.0911750793 73.0
